341
171
511
86
256
426
596
44
128
214
298
384
468
554
638
23
65
107
149
193
235
277
319
363
405
447
489
533
575
617
659
13
33
55
75
97
117
139
159
183
203
225
245
267
287
309
329
353
373
395
415
437
457
479
499
523
543
565
585
607
627
649
669
8
18
28
38
50
60
70
80
92
102
112
122
134
144
154
164
178
188
198
208
220
230
240
250
262
272
282
292
304
314
324
334
348
358
368
378
390
400
410
420
432
442
452
462
474
484
494
504
518
528
538
548
560
570
580
590
602
612
622
632
644
654
664
674
6
10
16
20
26
30
36
40
48
52
58
62
68
72
78
82
90
94
100
104
110
114
120
124
132
136
142
146
152
156
162
166
176
180
186
190
196
200
206
210
218
222
228
232
238
242
248
252
260
264
270
274
280
284
290
294
302
306
312
316
322
326
332
336
346
350
356
360
366
370
376
380
388
392
398
402
408
412
418
422
430
434
440
444
450
454
460
464
472
476
482
486
492
496
502
506
516
520
526
530
536
540
546
550
558
562
568
572
578
582
588
592
600
604
610
614
620
624
630
634
642
646
652
656
662
666
672
676
5
7
9
11
15
17
19
21
25
27
29
31
35
37
39
41
47
49
51
53
57
59
61
63
67
69
71
73
77
79
81
83
89
91
93
95
99
101
103
105
109
111
113
115
119
121
123
125
131
133
135
137
141
143
145
147
151
153
155
157
161
163
165
167
175
177
179
181
185
187
189
191
195
197
199
201
205
207
209
211
217
219
221
223
227
229
231
