31144
18864
42237
15209
10375
49185
26501
7177
14465
31715
5611
30951
44968
38889
13959
41420
33120
22687
1142
15684
46813
39312
19205
16112
46899
49371
30953
39961
43882
27166
41966
41377
46029
34202
6586
22755
49738
49438
29931
14202
47505
1894
45152
42472
7134
25462
33892
40254
14501
1385
22289
11313
40696
7845
27424
37594
7215
8377
43907
1096
1894
35872
42473
14275
36425
49058
37029
36163
14847
33312
16716
12351
1557
28220
4823
8690
3681
38714
15295
18181
40098
37583
45845
47145
45427
23269
1091
18993
47997
44997
20089
49890
30868
28913
14164
33644
44322
1193
36158
9168
856
2874
21519
2412
47445
42693
11101
1125
47758
26396
35658
4207
30330
47854
1351
25757
21122
2441
44749
19118
13789
31189
19008
11008
26453
33171
44652
20774
715
30809
46294
1570
33682
34164
3981
31126
26856
31434
48603
24613
24181
612
45171
4510
48465
46521
46618
35939
15314
7719
5056
45454
38907
40415
6462
31712
39938
1113
2485
40652
31921
48778
42222
31955
32941
12554
13080
26148
10339
28034
17112
34519
44997
12282
5381
43462
25155
1998
29400
40468
9716
807
35921
14975
41222
8734
46686
31159
9846
15522
38162
41767
30652
46735
23721
13592
9289
3152
6092
35979
47538
23203
36850
42534
35485
42230
35995
10639
44227
31746
17458
3943
48905
19730
35269
40126
28464
31954
37636
4661
47475
25797
46427
28126
22532
36499
8070
48172
6003
30513
502
3540
3715
37351
46073
5551
29580
48420
32541
23807
30165
16350
44101
29069
2432
29369
35546
47247
27674
23181
1907
41500
15330
14686
35978
4213
17536
44047
2384
23538
40911
2885
27077
44625
40236
23150
16528
36167
21569
15420
9973
18085
31770
20425
13506
34201
49793
15403
47799
27466
4936
49705
18966
20265
30742
4943
24477
48278
15341
43212
21815
22603
12448
48892
17227
19035
38393
106
5202
26313
15526
31526
10749
13647
1951
24254
14199
18095
6009
11997
11913
10944
28053
30878
47560
8795
2172
38388
7072
33864
31599
45238
6466
10398
10481
40044
29433
48873
6502
986
25185
22027
32511
35934
35673
813
26539
49871
18908
32547
28219
30820
43490
6271
28049
7401
15065
46572
45788
38488
46787
27386
33726
3252
37784
44206
9647
33568
9431
16148
905
967
4526
33415
3252
6550
580
29791
22772
19487
28689
990
16658
38531
23613
44706
45931
5029
41277
41719
43517
4415
35456
43594
24018
39591
4151
33664
23158
29933
16164
24062
30900
37041
23829
34151
43591
24408
13941
32714
10246
8982
56
26903
47512
23668
37960
43442
45048
29236
1512
4916
2
36968
14861
24019
26558
19012
7682
49716
48944
40197
40129
46195
43590
30309
30346
37180
21068
10638
36245
31313
19619
2652
8215
17130
26319
46174
26924
37719
41761
28435
42634
41762
15402
7495
32132
8312
42858
6166
24379
41801
46362
14507
4348
39951
11168
34693
43482
32235
45330
46079
13548
31301
48730
38114
14782
41401
640
8057
29119
8752
36492
21752
16866
18245
45598
48997
26556
38455
5162
934
46608
17876
31793
955
24178
42960
35647
34012
41546
47328
30090
5093
28628
28819
9559
9762
36571
26550
17818
15689
35301
20661
3793
18518
38906
49390
17515
31813
37845
39028
49099
34452
6903
30891
35406
47433
40202
37404
31444
31747
1083
11533
3192
29711
6703
29102
5824
9626
5651
23641
25314
40951
44302
45458
9469
49559
44848
43335
47723
49044
32362
46821
49847
5617
44063
35252
3049
616
39007
844
48715
40089
12376
1906
36151
35430
31007
41974
45055
3009
31967
36721
10311
42620
32178
36131
8530
43377
29465
6252
42420
28179
19425
42266
147
29839
43869
19547
30455
49227
20390
29169
39316
49117
47426
41818
34546
44784
144
45953
47792
32110
49025
8102
41081
31202
44233
49610
24579
40049
22213
33350
34579
41637
41968
34725
37828
35836
4271
18282
35063
24660
13802
40730
23776
11227
32547
24674
22362
32690
36978
20153
31151
36002
44606
38583
17203
5190
38192
8133
45239
26757
7835
46169
18393
49802
30894
22572
35637
35164
40853
37051
26176
21006
44132
16303
32232
26679
40976
4593
25720
27953
41097
23223
13954
35703
11805
47509
40892
16349
21993
2482
43105
29827
48651
27849
29628
45896
421
31617
47411
7625
35019
23586
28631
29151
39889
27214
22181
47216
31807
14252
41521
39255
3826
5474
24957
31983
19334
32201
48331
41327
1034
7787
37505
16036
35635
33485
11931
2407
31453
9342
10032
32823
49279
38662
28325
5519
32227
505
2735
14033
31109
44255
3288
34934
16080
44596
16916
1766
43148
31598
9444
44182
39384
46948
10217
41371
46784
38500
43777
44588
14193
20160
27411
29823
25173
5735
35342
7400
22592
38076
21432
3700
48682
41071
4985
31113
2019
21901
32878
45166
19850
42321
5699
9234
5621
32268
604
18756
37119
10732
13344
1311
30892
40754
31133
6064
12840
16474
13463
35431
20901
1247
5482
35934
8669
10467
17047
10687
48719
16276
22205
18568
24949
27903
44153
30569
26522
44756
49324
13640
5488
12667
14950
2731
19772
12435
8794
32612
45260
38609
34394
32513
39855
39876
18446
48523
16694
1844
25562
31764
18120
14118
331
43068
8372
44484
39988
34894
5591
39311
14885
27430
18330
46187
46512
4453
8621
5306
3416
3880
43914
4162
36392
120
10389
21190
14994
27082
23033
6907
8845
7504
21024
25527
16923
29396
36362
6910
30641
8305
12573
45525
2086
47254
41711
48598
1706
16683
3903
21474
36915
14168
25635
23306
30639
36023
10847
45632
29456
232
2539
4652
7735
39914
30178
24658
35661
16540
47919
16301
41196
10491
28178
43281
7744
36240
41878
25802
2923
12132
13627
39837
42651
5613
29494
23289
41635
40341
18921
37442
6924
37811
42093
14658
27724
22270
5667
13385
5161
3586
46037
46356
30428
24214
5989
4524
26806
47866
46677
29728
9998
10303
35916
2648
15915
15409
42289
23901
22101
27561
11342
29024
15371
19786
10034
9446
42055
32052
39182
13568
1989
1571
26275
32417
42136
32263
3292
18941
30129
49968
48668
6478
10270
935
25477
42536
16344
34117
32788
4796
11677
44129
33820
27047
30266
10205
2845
38672
8608
8378
2239
10597
9948
28514
9365
2084
27128
12656
37376
23608
28975
2396
46437
5596
3330
21914
48131
19673
6030
30918
24469
34059
41398
24640
27457
21663
1196
30301
10334
9803
5031
28925
36751
14978
23790
12467
33413
917
41474
20789
24525
20448
23184
20961
26043
26513
9226
40525
12538
31608
21442
3358
15666
29191
44349
43122
853
11896
39775
27539
21698
44805
6463
24801
26134
30252
37267
9547
47520
45093
46687
38396
15540
19870
9357
7935
12734
34934
48459
41623
32893
36253
44980
48558
15443
5680
8032
32648
17575
47806
10186
5625
8962
33000
30425
35095
29603
34043
44641
27122
29135
41327
15518
11027
27548
41226
18961
6634
42511
33771
48256
25404
20023
9588
40313
35466
15267
48344
18113
32842
12501
44650
4818
21462
44001
35242
22909
23603
35636
33901
17076
31123
25228
48945
42149
19127
40170
27461
25760
49033
11231
40368
24436
31254
49955
31100
33071
31573
29444
17535
30766
8296
28536
35583
46110
22536
37176
19018
12490
22812
2918
29565
3934
44497
28510
12434
29976
35031
6246
22087
34063
17476
12454
24850
15081
28760
5950
48151
10333
1745
32037
41098
26392
10572
26681
22501
33107
13856
7870
45596
36667
27140
41513
6952
37988
36374
35737
17963
21404
41982
40050
21819
25810
18855
13020
7242
47615
35321
21745
7947
37065
3781
49044
13457
30705
25724
2309
13811
5932
10179
25759
8950
37318
33623
15902
25305
19996
17990
9620
7751
26324
49669
45921
18485
18523
8941
25726
16137
44261
13822
24083
47678
17603
39479
27486
48307
31554
29794
28469
37485
6324
20579
46435
43641
4201
28688
35298
40548
46677
44917
48299
39352
10937
44219
7836
29459
19511
49914
11948
30124
13735
2382
27801
47689
8212
5286
12347
39766
1431
7168
27250
7755
44098
23684
17747
14651
18723
3044
5198
31752
14312
19848
21103
25248
30419
45291
21059
16281
45204
33006
46404
25290
1739
24204
39331
9951
45841
1677
49716
13624
25196
43317
21378
19294
33353
5476
33944
2075
8520
5493
33826
22831
25341
4929
14431
22111
219
35489
38391
11774
34846
34795
3415
36584
25350
42745
12886
37543
10774
12601
17518
35969
22270
38895
21614
5622
10722
21909
7696
19241
27402
41522
8424
19094
12802
39206
41204
29372
24694
45946
7497
25891
47092
10911
12474
38794
20008
41712
26336
30781
20664
43853
33101
42933
49099
4715
48554
9820
26623
6250
45413
20376
14123
20188
39469
43276
25745
47024
22647
438
42970
46495
42680
6413
7405
21505
45206
27412
13216
21541
8192
33880
31745
7645
26812
47195
12359
25366
23367
5333
47967
18779
25709
28441
5318
31529
21716
31062
28553
10714
47851
37874
7208
40530
44286
30964
12034
5844
8376
25250
27384
32919
25481
25481
40563
2292
22675
19273
44009
46041
40958
8327
31171
33018
3119
2840
30898
41186
253
25802
18251
48103
13675
25458
4984
24313
6422
17018
30156
31149
8619
23891
30419
451
15723
37334
19094
38398
22958
13103
790
13915
37781
48313
13284
7252
1152
44182
48437
1405
19983
16688
15859
10
8497
20843
40674
31270
4212
37181
12418
29182
27423
9189
29632
43146
46522
48725
47895
19479
28179
15036
49746
32312
13348
29381
39563
30852
23562
37999
48608
9897
4686
30818
26258
29535
18012
33283
10804
22223
20463
23222
17756
14237
48762
13739
7382
45283
12464
21628
31113
6994
36664
30858
39305
16363
10239
28867
47214
152
33218
12173
26400
4255
42991
2657
33789
11002
35939
44593
49577
22753
34166
17332
36990
32927
31071
10723
44561
9886
32351
25673
33231
19014
22883
22536
35376
33121
17754
48942
49624
17323
11114
26024
21578
20456
45032
21718
47810
30971
32662
47386
20075
33179
31069
23416
32457
28491
34139
27017
4728
16489
2690
37959
1854
41924
26846
3581
25044
44599
2522
41019
28274
29988
17042
16203
443
12074
37920
48252
9396
20582
11989
29470
20112
43058
19238
2569
37900
3376
29585
42628
36216
48626
30586
4421
40549
7431
8001
31944
18381
10523
22963
46654
40510
6356
12856
7304
18429
17128
5556
27824
4061
17544
23646
24172
26953
42883
43092
14853
12610
22677
7480
15177
37654
4417
19597
44555
28199
27597
42850
12931
4471
32164
25937
11332
38520
38792
18636
6948
22271
40543
1124
42683
24438
41121
16855
1391
355
9946
32595
12964
48974
6426
28140
2980
10842
14088
13886
5392
8036
6735
18322
12507
38899
44258
40190
27418
49402
8825
717
21672
15719
18192
14355
40157
9312
47561
7899
9666
23858
6845
38981
39184
13270
33472
42163
40463
47559
6048
45854
5595
29134
14175
34453
18032
8433
24642
11801
7834
49819
28870
45857
15537
47061
10211
22045
22725
24123
46295
32390
47981
3139
37723
3516
32760
21194
45678
23222
35105
18077
19075
40699
47210
33250
41503
31594
8034
16144
9746
15867
32314
38615
11723
14203
2028
38286
2599
41104
28760
48894
39845
43092
18384
27567
46607
17496
48761
42284
40717
33865
26712
26144
40915
40274
25745
32417
21867
33778
14912
47964
15996
13578
2931
44070
27780
4958
48707
46730
46061
27467
45623
35905
20558
30359
13472
17165
47854
28584
25800
4922
28800
18864
31065
19714
9137
6809
18482
47355
40586
49745
45318
6581
29674
48248
17003
23805
3205
15709
20535
15617
43175
16157
17874
30085
12867
47697
47249
27072
26280
39400
31994
21431
8263
13058
7496
17399
19867
25977
14753
26804
42073
26423
49737
38099
24670
16739
11903
44227
32447
32437
9843
41974
14946
27716
22058
27812
25412
35658
4884
18043
25057
36877
39473
49672
16286
46968
33422
36152
39296
14527
29308
47721
40949
29044
35819
15618
45782
47721
9844
44580
30158
36039
36553
11455
13754
24962
39266
5518
10619
10501
39912
2028
13729
45737
18051
30015
9056
1472
32518
48352
32350
11825
12424
23298
40868
14594
38916
3001
12314
15111
13933
8823
1149
16837
20277
31255
41799
25895
3124
18769
2747
43035
37148
16476
38771
5198
12842
14179
23022
45359
28882
5371
7184
41305
28669
14403
5898
33936
33756
34563
15398
47688
9738
16547
14524
46366
14153
22674
38612
17276
7795
41359
26662
44942
24186
31785
16492
37027
45963
39513
32385
24844
11235
5920
32500
39903
36675
4749
40190
20430
39311
5588
34469
15400
38486
15344
28118
18990
38018
16729
2617
12164
24439
29278
7105
48624
27414
23596
35650
23376
29460
34387
14571
40695
40306
47070
46949
26980
1818
3491
13761
7481
9078
48229
39232
13915
29925
17349
49256
17942
430
1872
46457
24868
47501
3561
39844
24915
43509
25493
14642
22968
9879
29213
13662
16537
42634
26963
9868
44452
30453
23629
18284
5882
38209
23867
36148
18133
41216
35403
2426
7997
37274
48882
32864
34774
18795
39059
26040
12303
14552
40682
1622
40782
19894
31636
23670
12527
8598
33538
23330
39050
23518
7965
11283
28078
31832
47430
46211
39399
32832
14988
47395
36457
30222
46610
37582
49016
35669
13622
27670
16572
20655
29291
7353
40548
27278
31023
19426
35875
30912
9108
41276
4429
17072
2558
32506
15255
49987
45068
4653
49170
26408
18399
1978
6629
15009
39560
21996
17029
19533
16017
33600
40187
45307
7304
47086
22585
4678
32863
24811
35589
41970
16087
6369
25394
34996
38875
7000
34983
33942
11653
504
26701
30051
2482
33329
11411
8393
21676
28439
27925
37692
28390
34463
49351
35694
31548
38287
40371
14410
13097
42312
22732
45535
48680
14477
30531
37554
21476
31865
37848
49480
32368
14548
29531
1201
14229
7293
9593
35904
35732
3869
39948
30473
38331
39298
16166
19878
27584
22889
640
7032
15200
39723
2567
30231
4199
49449
34137
25674
31313
38336
25154
30032
19235
21036
47585
33463
28328
7177
35719
30411
11046
42018
10884
49376
31315
43401
35606
25250
32641
2597
32281
14192
42319
1199
44423
46517
647
28559
38542
48311
33246
30047
28343
2480
17434
42279
2295
12114
49455
4365
42524
26852
46382
19759
42580
27696
13160
28185
2945
45800
30781
1577
26344
39451
2776
20766
2319
19774
15676
40860
18085
48921
37259
12779
1400
4692
5057
3694
16805
20863
24410
25681
47715
20791
11791
6646
48486
41302
34830
17782
3454
31962
35711
29797
21412
4838
562
23730
24611
32589
30941
9047
31509
34551
21825
32908
39243
43233
2954
22399
14096
27363
14431
28162
14506
26222
34807
12991
33875
35988
47125
37328
34301
49187
33476
22064
4024
34037
12145
44986
16625
43085
4033
14485
27636
25857
13745
33230
35442
33050
21980
15889
26764
2763
10402
41269
45336
45208
20612
29210
47547
17736
32890
48199
33274
16365
20262
37297
402
32406
32282
33378
41842
36314
47863
35829
28523
27959
19058
30316
11008
7390
46204
37771
10152
6605
29040
5487
18164
49651
34696
32062
33738
17585
30260
17011
33950
521
20659
703
32926
2940
432
24767
5606
14646
26948
480
42604
46005
30795
3611
19746
26998
7734
29897
49954
36773
1735
18117
2775
36431
178
36512
20367
30437
19874
20668
47309
40532
37722
30234
9823
38154
21352
31780
19151
48299
48611
11755
10656
29405
31717
30401
22754
39450
26650
22707
42574
28384
7175
45348
31166
23704
48211
1533
20492
18084
38552
17800
24967
26274
14385
1142
30779
2089
32921
49929
387
31532
28035
27394
27288
26104
24147
16394
31905
796
5452
24479
45531
12627
19826
26697
2682
34389
44581
23174
2472
49484
7325
43791
25757
21710
44932
22887
23798
44204
39168
40536
42087
17202
17930
19375
9657
8428
2120
41562
25575
7571
16040
21105
36549
2217
47801
39231
36605
8733
28756
39077
8217
36080
49219
325
24141
44150
23212
47938
38353
12379
4826
46792
45932
39107
32518
5589
47534
34637
47150
23108
42207
29541
44212
28756
31757
8365
17986
18362
33449
13093
23790
41665
49172
23008
41990
23313
33509
15201
37602
38213
43931
42427
35004
39862
31533
17521
11802
45418
2157
8951
34877
44364
4843
29089
23119
36600
3805
7456
21313
37253
20548
45102
45270
36071
34461
37259
9383
17969
18811
13337
6181
12741
22115
7537
18954
20000
25057
47108
15417
27214
6058
294
37929
27253
45734
27399
13852
15890
1206
35164
19494
21753
46617
14763
24175
31077
2021
49910
15397
37183
13246
21577
16275
35360
29113
35229
5359
20522
32336
37128
14087
4745
3773
2015
31997
49506
45765
12200
31747
46970
47363
1240
35074
10331
16003
9248
41407
34375
9157
6803
21558
38754
44732
37832
24114
40196
39412
45824
10717
38099
49303
41155
42844
3075
43169
41192
18932
38933
19744
678
2254
17106
1918
37327
43789
34272
46575
35195
18646
22083
8350
6555
10837
3081
44387
1302
9628
150
47125
36697
38249
46428
27851
31092
15854
37372
38635
34786
26304
8378
35463
44910
41836
3732
32236
35624
4355
45162
37170
39353
17245
45519
45907
28081
14951
6645
29382
24579
6795
42858
11275
45043
5637
39125
42486
21491
26496
47472
6276
19152
5850
8090
30413
14037
28174
12648
16012
32528
7810
19533
21880
41406
15052
34139
19486
30002
40783
15219
20932
13929
24428
48558
8971
30065
4035
1456
1555
30530
15280
24182
16033
37481
32271
46445
1517
26796
25445
33880
9324
49606
3412
47555
41011
34815
48045
10496
31169
38828
42066
2100
2756
16493
658
28079
12909
4692
45886
14463
1573
11165
4996
33958
48645
3619
46754
16513
30414
38550
392
6089
38155
20156
3644
29165
4970
1688
6012
36138
6867
48077
4590
25975
30922
21599
4053
43830
42642
16290
24645
44214
27455
29640
44523
26099
33258
7629
42612
30024
46178
9355
36112
34333
29510
39755
13497
34480
7795
19509
36969
14661
33937
41558
6987
14858
13156
11039
25040
5797
43681
49684
16363
21135
29323
27237
13585
28933
34865
6196
8956
47395
31903
45067
31727
11412
1174
11575
12243
8968
47435
49212
39980
47724
7121
46967
28933
20277
24357
3972
42425
18037
3655
8787
5523
49330
2376
19108
28262
37240
41655
3569
34634
23557
14987
32712
34969
16160
10639
13563
25127
8073
29126
31459
5796
36247
44777
34729
22875
35485
38700
15299
3522
8707
40438
25396
8036
42813
44503
2649
46404
36158
22569
47390
9714
37555
30101
11034
3715
40739
40949
45193
15164
20074
26651
37311
22672
37779
22039
45546
23264
27091
27197
43137
2149
33986
18532
10184
26798
13035
29184
39553
15544
1752
36942
25257
39306
33395
2643
9372
24133
43591
4565
5648
30016
47567
42959
2688
35346
31349
14585
8609
8439
8133
18097
26939
42118
36628
37122
35267
49662
32657
24820
15205
34408
11761
6814
40066
45155
25808
49437
35640
19398
20353
41287
15765
17920
597
18452
19617
31946
49389
28225
6736
7521
12673
33675
49639
49300
37148
34905
15314
19805
26076
30518
20564
37837
3683
26981
49343
29490
26418
1334
15239
13122
8973
31004
31041
9569
49455
657
7866
15195
45233
14602
22716
7905
48276
22354
23557
1775
23610
38870
21579
49686
35739
8495
3874
39422
35475
19568
35263
28244
20902
502
7718
29874
31505
38758
5794
47311
5767
13660
12506
17351
28261
1573
25256
42888
23926
48812
44662
13887
4033
32593
29924
39771
7439
149
29192
9265
19717
30807
3861
40618
31308
11578
36843
29164
16687
42636
42826
22453
6295
5331
39804
907
23255
31411
10146
13532
46574
21160
27419
606
20104
23694
40376
27542
23843
35920
3158
43559
16726
7018
528
14385
34947
3722
9900
1634
12709
2725
24086
35356
24408
30241
36262
47662
11651
12760
11194
24576
33919
38612
41533
4022
28657
31909
47915
2499
34180
17424
12409
17257
24442
29288
47993
9388
33009
7892
27373
12070
10616
1459
47425
35023
48051
38
32685
26054
12797
43878
629
13067
48841
42162
33440
27497
40422
47706
46348
40953
15130
25108
24561
5923
4396
22553
31662
3756
30444
9035
15825
41059
26845
29601
42434
24895
29639
25118
17300
8787
35347
17929
21854
539
26442
5293
44387
33215
19351
7086
40519
34480
32194
15079
40402
36589
37631
22063
6696
34426
47449
38873
25484
24293
18473
34269
15540
48111
9386
32839
6898
11084
17119
45103
27974
9912
16747
22361
9478
36097
29446
49996
20576
11639
31426
27329
14579
19056
15744
21275
19833
13192
10147
11669
3837
44971
45937
19376
43082
21675
18566
16331
32758
35685
11433
10732
11948
28179
49444
21426
14276
45241
37773
1203
23232
19199
44884
37810
4606
10627
25436
24439
40170
1934
36107
44006
46905
32043
29733
6338
20069
48299
22668
19179
335
34100
29910
12282
28630
45705
59
9257
40945
37832
26812
14176
23382
21695
18338
27987
32321
10125
18777
38842
12059
21235
32848
25315
19630
12580
31652
39698
27230
20671
8876
27564
21122
5137
6198
49751
841
22608
25360
8138
10439
2171
38665
172
23865
7002
44511
22537
17127
13287
11378
45537
34522
44225
20851
20503
23157
18854
10200
386
39524
19076
44302
10645
40564
499
26747
7757
23106
2106
15894
49897
4276
20910
68
44492
27912
10930
17028
11390
24217
44758
23278
25090
5334
44128
45592
28490
29333
5791
45228
18856
41218
39529
45852
31782
6379
38950
5890
45836
41056
21783
12084
11683
9044
28504
6175
3307
39433
39554
14696
30001
663
4325
5090
5997
48452
681
838
44136
22824
12417
29343
30393
18297
25194
28526
41027
14144
34415
36863
21551
22549
15298
49585
31593
43801
22111
34899
33234
11665
15947
13234
28679
20271
34676
34675
35075
1708
1865
29210
40883
14281
24905
21276
32578
98
16153
23604
30593
568
26818
18495
39468
42116
18080
37412
2268
40190
22311
35501
18206
4609
15087
46885
41231
16114
47911
42657
17821
49775
38219
25056
30408
13123
46331
29337
29572
28835
19292
10165
45754
46110
28659
35222
4577
46738
22633
6844
3280
11295
8697
21485
32255
40135
18369
23486
6248
32632
16142
40420
32406
4360
15475
29165
17482
28157
8501
47054
6992
27793
23570
2745
40254
18580
4318
44830
31670
26951
18025
34949
4597
26721
6433
36852
33207
41154
10337
39454
23785
42830
46226
22542
13542
11700
1707
31023
6209
26559
44428
29552
20703
34349
32296
10956
19281
36614
22137
950
29916
40162
2250
34512
33234
25034
37715
32793
16187
48051
22246
6323
40881
34823
45217
20774
12875
46923
1796
19083
39833
12576
48634
10536
13276
47281
21491
32556
246
9980
33505
46513
16493
2106
31025
16078
27140
18739
48870
9678
33142
37468
16001
40374
22290
11217
11147
35164
24491
29294
20598
14323
8221
19231
24858
37849
32864
12701
20404
33109
22680
20261
29622
39172
22366
26998
5249
49505
12088
4119
25535
11581
41586
41535
18306
30227
19103
29452
15391
43593
25098
35988
24267
49670
21571
15477
37518
4434
28177
7922
3894
856
44534
49867
6379
16899
43216
11627
32756
21656
32097
24642
49588
40034
16176
17894
20261
1630
13697
35651
11574
38794
37990
35840
4816
25912
1316
42333
30345
29492
254
591
46699
11139
16809
3077
44390
10025
31056
43497
48032
29504
18138
47619
19538
665
15512
6150
2294
45561
8152
13867
706
46141
16058
5521
22053
17374
47854
18749
13217
14459
35691
26268
25598
2500
45696
19987
28876
43103
13483
26907
22607
47972
40877
8496
48636
6389
14645
929
18301
22796
14795
19006
35288
30852
24527
23692
14577
22380
42441
44146
3190
28131
20413
28787
46982
16108
15125
25857
9211
44959
19115
48169
42930
9992
6664
41565
32732
37660
42493
1032
26807
23639
20037
12094
20843
10915
35786
35419
33294
44578
45916
36484
39060
16328
31622
36042
48788
46747
28250
24350
41705
47365
22518
34635
7356
45533
42551
40087
49544
35044
7470
26350
25034
27506
38443
45876
38421
40580
47647
38066
1509
43562
40901
40569
9890
38875
42962
25029
35621
37563
15730
43677
34927
38247
44663
8634
131
37214
15072
49674
38609
22541
42375
13642
16399
47169
9518
21171
37749
7164
9236
39257
17077
16489
46177
43318
5363
5490
18346
7335
43053
34075
17363
44331
38673
12026
2965
5155
15591
34388
21180
4199
6929
13554
17840
23327
10723
43709
44497
14823
17224
20084
20431
34301
2924
16608
43970
24638
38449
12316
48324
31501
12742
15687
42184
17767
44064
11500
39273
9654
45887
10453
30204
19167
24006
48043
42493
1080
8104
3341
15902
41679
39777
36333
25979
9052
19292
36301
42
7740
14968
48365
5593
27709
30403
47776
11827
40818
25627
1100
471
21513
11552
30674
40680
1909
45069
49524
2989
19524
19217
35242
11202
25345
21574
37181
34396
40865
39833
789
14957
4800
49154
20549
32508
45908
34676
10687
36726
10302
11786
3548
31814
39689
574
38845
41597
45642
4721
10937
15165
23937
46179
26366
15633
17752
29898
16380
24969
19730
17169
39925
24529
32674
10473
23389
28581
45148
34075
31658
5449
12212
35206
3614
1900
35779
42459
9848
47772
47179
20785
29288
37467
16963
5653
3099
1066
1903
19478
26034
37984
36646
32310
28865
35671
42782
2253
14252
4281
2679
12261
26081
14890
13818
29695
16789
15948
38505
42988
13719
2035
13772
43006
39501
47086
15011
8951
48152
33265
28428
40537
21248
31426
22847
112
17096
31980
18716
47699
36261
21394
26312
28693
2635
40129
24739
35775
6077
29595
28763
36147
31629
42534
45505
37481
39620
26867
12783
4123
10131
7563
44659
47730
38988
17505
14194
22435
15837
32909
36486
2097
20655
12797
47141
39641
19277
21880
25416
25353
1474
4178
11500
49455
13063
7004
3287
19034
33870
16070
23156
10352
23632
17815
8081
28971
1671
38626
17757
17507
37887
4242
35955
24893
33390
49448
14533
2667
21327
39948
44371
39152
10477
5870
4958
23540
29225
8245
42573
29446
40666
32081
39797
30649
16247
14230
9619
17917
19207
43727
1776
7093
47969
37730
31985
47710
37177
46518
376
24855
2817
44747
30359
13294
16968
1668
3185
12545
26264
12109
41990
16929
44189
48139
47577
10435
28720
23547
44704
14278
17274
46479
21371
31594
560
19707
29303
4089
16224
46031
45295
35393
7129
42005
48686
40448
43673
1870
2992
19936
13978
11334
36865
24519
25824
793
34953
4543
24340
46008
18820
7965
8838
6542
39558
9398
26249
35212
29838
8824
47594
41484
44216
21074
33489
9253
11522
27161
11122
30865
47096
41452
42198
312
15970
18021
1105
17274
38915
41796
29634
24087
16112
38471
46980
5669
14220
23228
7232
44057
48404
4826
35541
8971
42251
19029
18224
3772
12541
45697
34637
9636
3500
43186
26300
35821
27559
27404
3095
32825
35551
49080
6911
1662
37550
20243
23682
1770
9822
47265
12178
8225
2090
14070
17196
10693
49450
1771
14464
11990
47467
15452
37978
17319
24990
14277
3139
2548
41680
22585
35372
43582
21664
8635
11595
9214
28877
35276
27335
5050
32540
39512
13275
982
19934
46822
11674
19383
14944
42489
31373
28762
24293
19350
46080
49282
33626
49219
1829
41657
21803
3552
1590
43467
28538
13184
19032
23766
48459
46366
28816
47350
2229
42090
14683
22162
5263
26356
41545
20206
35197
39269
48967
9489
8618
45047
8770
8595
44265
26950
251
32419
30501
18192
25885
9039
31375
44916
32804
46185
7633
11619
43534
9862
20060
8217
48375
41674
924
39919
11879
2472
45539
27198
11960
4156
38596
37081
29102
49212
14030
45704
31630
10883
13895
23867
36273
45269
18782
35428
41453
26415
13399
1339
2628
49810
25907
1002
41484
43182
7273
19714
45654
2811
46911
23965
6967
1858
11046
36068
1069
41427
48124
49051
2309
12018
22917
4933
7287
41698
40361
15091
34464
3759
32781
37091
3568
8687
4445
11403
18221
11717
31117
13874
14527
44379
4190
37845
46237
15235
40265
47305
23014
38388
46355
25322
405
35623
30255
24043
27321
36967
39134
28136
7077
21914
31579
10644
46953
36023
22047
15173
47739
19515
45398
28617
13893
49587
16462
10129
31174
6726
23786
4187
45113
36492
29508
11869
22115
26114
35912
15787
29432
41397
43922
36508
29662
41852
13504
26614
27874
35550
8138
41964
21416
3535
20581
35308
3122
3394
45437
34295
10119
35574
38481
21583
22065
34340
33451
44179
26806
35714
9965
6237
27110
20239
42745
6772
12090
6248
49737
6316
8149
7875
48279
29564
11409
35211
31223
30882
38604
43011
31528
15074
28584
36360
3008
649
20700
36459
11179
13857
38524
37496
20093
15634
24086
29189
38757
36175
35436
38493
42490
9936
46367
7121
5851
24128
8683
37074
21361
47287
30084
2889
28712
25020
39248
31720
25668
9947
34530
3198
40155
23053
7045
10248
5038
31130
39436
43794
17305
41224
48639
26146
17511
11357
33266
23362
1836
8301
26787
23197
21939
6870
26085
650
31889
15332
32369
23908
41631
33250
43458
31785
6303
502
8384
27692
31632
14172
37838
15288
21747
36476
41433
39257
14184
41051
28970
16020
49351
5756
39216
37641
28978
31652
38290
10866
46983
37011
1126
4965
20260
44583
3102
42914
11436
27837
36958
9419
42008
24795
24706
30106
11270
32491
19363
25453
39893
14684
7824
5595
36792
47039
43235
15769
28690
31524
42986
42025
18534
44111
13341
5146
5045
16442
14411
32833
44279
1368
42251
2638
26162
16957
32744
3783
15799
18458
45588
5691
33141
3411
11285
19932
16802
4519
35700
45491
36042
45038
3867
20928
39148
17208
42425
10545
33649
6835
9729
44279
24555
1979
46917
17068
35287
29660
20851
1085
48117
16438
6775
47609
36200
18059
17541
3001
22577
19592
48492
24971
14629
18710
45898
20129
35917
4674
47025
35918
27860
6753
30196
2414
8731
27112
19482
44018
23123
6684
11454
21239
39473
18229
18848
25672
36287
2740
28673
25216
22331
43516
186
3312
28577
12435
23440
14494
17108
20464
411
44967
27216
30606
13733
2298
24070
49566
12667
47192
6249
24121
34783
45721
42349
3630
37744
44987
22721
32768
20202
45051
42635
36739
48362
21212
49173
38153
35705
32632
24968
2467
27599
2183
49424
7683
20833
23493
7248
33499
37037
13496
7619
21819
25568
16319
41800
29663
11306
14520
12431
47859
9570
5065
34598
24284
42628
122
28788
44684
32754
3756
47150
26704
22290
46574
34386
43122
36418
41633
42973
23454
21480
591
45272
13399
33262
37071
43061
44567
1590
21843
8777
27512
43260
9726
18147
35887
9848
46934
30571
8953
17041
27720
35656
39331
40645
36393
32452
27063
28025
41776
516
15856
42367
45788
29254
41980
49210
38666
36546
800
10509
11674
44663
3768
21400
12809
39654
31247
26094
36576
40199
43135
14296
42206
32465
21292
28598
31268
48354
22974
23044
48870
5181
31762
11009
786
23741
10218
39451
26638
27369
16311
4663
38383
20078
26062
1191
26084
23660
43637
12659
30210
36771
43306
22415
35587
14598
17364
33206
29303
40337
22601
28172
45517
20714
5532
46302
10806
32102
2105
3795
25822
18415
8458
14205
4845
34519
31747
47280
24531
25383
26290
4740
28505
19596
27155
14091
545
10870
13649
29847
1207
36249
24371
13075
23315
46254
25729
34120
44707
27833
37915
20529
12599
46372
34733
17443
47242
16479
14722
21772
8214
41012
26512
36718
26959
20018
17161
43855
30887
30809
40053
48445
33409
30775
11520
6723
43381
3600
40843
38087
31432
45109
8615
10382
41480
9699
27825
5073
26178
8898
26845
743
16261
19708
37460
43219
6077
4620
3425
3315
1780
9830
1760
35189
40604
29631
8263
33984
33230
49105
22071
31013
10565
47037
41394
2044
6736
35570
23469
49265
44468
16665
7
10728
36372
37466
20299
8800
8438
40075
12114
26569
49904
13873
28109
40508
43503
36372
40843
43084
1828
29265
40448
12393
26302
31842
30788
33037
33763
4256
32301
28230
20920
32307
5310
23643
36124
41960
32442
10913
32034
44556
37482
48290
8428
15590
