2
7
10
38
42
56
59
68
98
106
112
120
122
131
144
147
149
150
152
172
178
186
219
232
246
251
253
254
294
312
325
331
335
355
376
386
387
392
402
405
411
421
430
432
438
443
451
471
480
499
502
502
502
504
505
516
521
528
539
545
560
562
568
574
580
591
591
597
604
606
612
616
629
640
640
647
649
650
657
658
663
665
678
681
703
706
715
717
743
786
789
790
793
796
800
807
813
838
841
844
853
856
856
905
907
917
924
929
934
935
950
955
967
982
986
990
1002
1032
1034
1066
1069
1080
1083
1085
1091
1096
1100
1105
1113
1124
1125
1126
1142
1142
1149
1152
1174
1191
1193
1196
1199
1201
1203
1206
1207
1240
1247
1302
1311
1316
1334
1339
1351
1368
1385
1391
1400
1405
1431
1456
1459
1472
1474
1509
1512
1517
1533
1555
1557
1570
1571
1573
1573
1577
1590
1590
1622
1630
1634
1662
1668
1671
1677
1688
1706
1707
1708
1735
1739
1745
1752
1760
1766
1770
1771
1775
1776
1780
1796
1818
1828
1829
1836
1844
1854
1858
1865
1870
1872
1894
1894
1900
1903
1906
1907
1909
1918
1934
1951
1978
1979
1989
1998
2015
2019
2021
2028
2028
2035
2044
2075
2084
2086
2089
2090
2097
2100
2105
2106
2106
2120
2149
2157
2171
2172
2183
2217
2229
2239
2250
2253
2254
2268
2292
2294
2295
2298
2309
2309
2319
2376
2382
2384
2396
2407
2412
2414
2426
2432
2441
2467
2472
2472
2480
2482
2482
2485
2499
2500
2522
2539
2548
2558
2567
2569
2597
2599
2617
2628
2635
2638
2643
2648
2649
2652
2657
2667
2679
2682
2688
2690
2725
2731
2735
2740
2745
2747
2756
2763
2775
2776
2811
2817
2840
2845
2874
2885
2889
2918
2923
2924
2931
2940
2945
2954
2965
2980
2989
2992
3001
3001
3008
3009
3044
3049
3075
3077
3081
3095
3099
3102
3119
3122
3124
3139
3139
3152
3158
3185
3190
3192
3198
3205
3252
3252
3280
3287
3288
3292
3307
3312
3315
3330
3341
3358
3376
3394
3411
3412
3415
3416
3425
3454
3491
3500
3516
3522
3535
3540
3548
3552
3561
3568
3569
3581
3586
3600
3611
3614
3619
3630
3644
3655
3681
3683
3694
3700
3715
3715
3722
3732
3756
3756
3759
3768
3772
3773
3781
3783
3793
3795
3805
3826
3837
3861
3867
3869
3874
3880
3894
3903
3934
3943
3972
3981
4022
4024
4033
4033
4035
4053
4061
4089
4119
4123
4151
4156
4162
4178
4187
4190
4199
4199
4201
4207
4212
4213
4242
4255
4256
4271
4276
4281
4318
4325
4348
4355
4360
4365
4396
4415
4417
4421
4429
4434
4445
4453
4471
4510
4519
4524
4526
4543
4565
4577
4590
4593
4597
4606
4609
4620
4652
4653
4661
4663
4674
4678
4686
4692
4692
4715
4721
4728
4740
4745
4749
4796
4800
4816
4818
4823
4826
4826
4838
4843
4845
4884
4916
4922
4929
4933
4936
4943
4958
4958
4965
4970
4984
4985
4996
5029
5031
5038
5045
5050
5056
5057
5065
5073
5090
5093
5137
5146
5155
5161
5162
5181
5190
5198
5198
5202
5249
5263
5286
5293
5306
5310
5318
5331
5333
5334
5359
5363
5371
5381
5392
5449
5452
5474
5476
5482
5487
5488
5490
5493
5518
5519
5521
5523
5532
5551
5556
5588
5589
5591
5593
5595
5595
5596
5606
5611
5613
5617
5621
5622
5625
5637
5648
5651
5653
5667
5669
5680
5691
5699
5735
5756
5767
5791
5794
5796
5797
5824
5844
5850
5851
5870
5882
5890
5898
5920
5923
5932
5950
5989
5997
6003
6009
6012
6030
6048
6058
6064
6077
6077
6089
6092
6150
6166
6175
6181
6196
6198
6209
6237
6246
6248
6248
6249
6250
6252
6271
6276
6295
6303
6316
6323
6324
6338
6356
6369
6379
6379
6389
6413
6422
6426
6433
6462
6463
6466
6478
6502
6542
6550
6555
6581
6586
6605
6629
6634
6645
6646
6664
6684
6696
6703
6723
6726
6735
6736
6736
6753
6772
6775
6795
6803
6809
6814
6835
6844
6845
6867
6870
6898
6903
6907
6910
6911
6924
6929
6948
6952
6967
6987
6992
6994
7000
7002
7004
7018
7032
7045
7072
7077
7086
7093
7105
7121
7121
7129
7134
7164
7168
7175
7177
7177
7184
7208
7215
7232
7242
7248
7252
7273
7287
7293
7304
7304
7325
7335
7353
7356
7382
7390
7400
7401
7405
7431
7439
7456
7470
7480
7481
7495
7496
7497
7504
7521
7537
7563
7571
7619
7625
7629
7633
7645
7682
7683
7696
7718
7719
7734
7735
7740
7744
7751
7755
7757
7787
7795
7795
7810
7824
7834
7835
7836
7845
7866
7870
7875
7892
7899
7905
7922
7935
7947
7965
7965
7997
8001
8032
8034
8036
8036
8057
8070
8073
8081
8090
8102
8104
8133
8133
8138
8138
8149
8152
8192
8212
8214
8215
8217
8217
8221
8225
8245
8263
8263
8296
8301
8305
8312
8327
8350
8365
8372
8376
8377
8378
8378
8384
8393
8424
8428
8428
8433
8438
8439
8458
8495
8496
8497
8501
8520
8530
8595
8598
8608
8609
8615
8618
8619
8621
8634
8635
8669
8683
8687
8690
8697
8707
8731
8733
8734
8752
8770
8777
8787
8787
8794
8795
8800
8823
8824
8825
8838
8845
8876
8898
8941
8950
8951
8951
8953
8956
8962
8968
8971
8971
8973
8982
9035
9039
9044
9047
9052
9056
9078
9108
9137
9157
9168
9189
9211
9214
9226
9234
9236
9248
9253
9257
9265
9289
9312
9324
9342
9355
9357
9365
9372
9383
9386
9388
9396
9398
9419
9431
9444
9446
9469
9478
9489
9518
9547
9559
9569
9570
9588
9593
9619
9620
9626
9628
9636
9647
9654
9657
9666
9678
9699
9714
9716
9726
9729
9738
9746
9762
9803
9820
9822
9823
9830
9843
9844
9846
9848
9848
9862
9868
9879
9886
9890
9897
9900
9912
9936
9946
9947
9948
9951
9965
9973
9980
9992
9998
10025
10032
10034
10119
10125
10129
10131
10146
10147
10152
10165
10179
10184
10186
10200
10205
10211
10217
10218
10239
10246
10248
10270
10302
10303
10311
10331
10333
10334
10337
10339
10352
10375
10382
10389
10398
10402
10435
10439
10453
10467
10473
10477
10481
10491
10496
10501
10509
10523
10536
10545
10565
10572
10597
10616
10619
10627
10638
10639
10639
10644
10645
10656
10687
10687
10693
10714
10717
10722
10723
10723
10728
10732
10732
10749
10774
10804
10806
10837
10842
10847
10866
10870
10883
10884
10911
10913
10915
10930
10937
10937
10944
10956
11002
11008
11008
11009
11027
11034
11039
11046
11046
11084
11101
11114
11122
11139
11147
11165
11168
11179
11194
11202
11217
11227
11231
11235
11270
11275
11283
11285
11295
11306
11313
11332
11334
11342
11357
11378
11390
11403
11409
11411
11412
11433
11436
11454
11455
11500
11500
11520
11522
11533
11552
11574
11575
11578
11581
11595
11619
11627
11639
11651
11653
11665
11669
11674
11674
11677
11683
11700
11717
11723
11755
11761
11774
11786
11791
11801
11802
11805
11825
11827
11869
11879
11896
11903
11913
11931
11948
11948
11960
11989
11990
11997
12018
12026
12034
12059
12070
12074
12084
12088
12090
12094
12109
12114
12114
12132
12145
12164
12173
12178
12200
12212
12243
12261
12282
12282
12303
12314
12316
12347
12351
12359
12376
12379
12393
12409
12417
12418
12424
12431
12434
12435
12435
12448
12454
12464
12467
12474
12490
12501
12506
12507
12527
12538
12541
12545
12554
12573
12576
12580
12599
12601
12610
12627
12648
12656
12659
12667
12667
12673
12701
12709
12734
12741
12742
12760
12779
12783
12797
12797
12802
12809
12840
12842
12856
12867
12875
12886
12909
12931
12964
12991
13020
13035
13058
13063
13067
13075
13080
13093
13097
13103
13122
13123
13156
13160
13184
13192
13216
13217
13234
13246
13270
13275
13276
13284
13287
13294
13337
13341
13344
13348
13385
13399
13399
13457
13463
13472
13483
13496
13497
13504
13506
13532
13542
13548
13554
13563
13568
13578
13585
13592
13622
13624
13627
13640
13642
13647
13649
13660
13662
13675
13697
13719
13729
13733
13735
13739
13745
13754
13761
13772
13789
13802
13811
13818
13822
13852
13856
13857
13867
13873
13874
13886
13887
13893
13895
13915
13915
13929
13933
13941
13954
13959
13978
14030
14033
14037
14070
14087
14088
14091
14096
14118
14123
14144
14153
14164
14168
14172
14175
14176
14179
14184
14192
14193
14194
14199
14202
14203
14205
14220
14229
14230
14237
14252
14252
14275
14276
14277
14278
14281
14296
14312
14323
14355
14385
14385
14403
14410
14411
14431
14431
14459
14463
14464
14465
14477
14485
14494
14501
14506
14507
14520
14524
14527
14527
14533
14548
14552
14571
14577
14579
14585
14594
14598
14602
14629
14642
14645
14646
14651
14658
14661
14683
14684
14686
14696
14722
14753
14763
14782
14795
14823
14847
14853
14858
14861
14885
14890
14912
14944
14946
14950
14951
14957
14968
14975
14978
14987
14988
14994
15009
15011
15036
15052
15065
15072
15074
15079
15081
15087
15091
15111
15125
15130
15164
15165
15173
15177
15195
15200
15201
15205
15209
15219
15235
15239
15255
15267
15280
15288
15295
15298
15299
15314
15314
15330
15332
15341
15344
15371
15391
15397
15398
15400
15402
15403
15409
15417
15420
15443
15452
15475
15477
15512
15518
15522
15526
15537
15540
15540
15544
15590
15591
15617
15618
15633
15634
15666
15676
15684
15687
15689
15709
15719
15723
15730
15744
15765
15769
15787
15799
15825
15837
15854
15856
15859
15867
15889
15890
15894
15902
15902
15915
15947
15948
15970
15996
16001
16003
16012
16017
16020
16033
16036
16040
16058
16070
16078
16080
16087
16108
16112
16112
16114
16137
16142
16144
16148
16153
16157
16160
16164
16166
16176
16187
16203
16224
16247
16261
16275
16276
16281
16286
16290
16301
16303
16311
16319
16328
16331
16344
16349
16350
16363
16363
16365
16380
16394
16399
16438
16442
16462
16474
16476
16479
16489
16489
16492
16493
16493
16513
16528
16537
16540
16547
16572
16608
16625
16658
16665
16683
16687
16688
16694
16716
16726
16729
16739
16747
16789
16802
16805
16809
16837
16855
16866
16899
16916
16923
16929
16957
16963
16968
17003
17011
17018
17028
17029
17041
17042
17047
17068
17072
17076
17077
17096
17106
17108
17112
17119
17127
17128
17130
17161
17165
17169
17196
17202
17203
17208
17224
17227
17245
17257
17274
17274
17276
17300
17305
17319
17323
17332
17349
17351
17363
17364
17374
17399
17424
17434
17443
17458
17476
17482
17496
17505
17507
17511
17515
17518
17521
17535
17536
17541
17544
17575
17585
17603
17736
17747
17752
17754
17756
17757
17767
17782
17800
17815
17818
17821
17840
17874
17876
17894
17917
17920
17929
17930
17942
17963
17969
17986
17990
18012
18021
18025
18032
18037
18043
18051
18059
18077
18080
18084
18085
18085
18095
18097
18113
18117
18120
18133
18138
18147
18164
18181
18192
18192
18206
18221
18224
18229
18245
18251
18282
18284
18297
18301
18306
18322
18330
18338
18346
18362
18369
18381
18384
18393
18399
18415
18429
18446
18452
18458
18473
18482
18485
18495
18518
18523
18532
18534
18566
18568
18580
18636
18646
18710
18716
18723
18739
18749
18756
18769
18777
18779
18782
18795
18811
18820
18848
18854
18855
18856
18864
18864
18908
18921
18932
18941
18954
18961
18966
18990
18993
19006
19008
19012
19014
19018
19029
19032
19034
19035
19056
19058
19075
19076
19083
19094
19094
19103
19108
19115
19118
19127
19151
19152
19167
19179
19199
19205
19207
19217
19231
19235
19238
19241
19273
19277
19281
19292
19292
19294
19334
19350
19351
19363
19375
19376
19383
19398
19425
19426
19478
19479
19482
19486
19487
19494
19509
19511
19515
19524
19533
19533
19538
19547
19568
19592
19596
19597
19617
19619
19630
19673
19707
19708
19714
19714
19717
19730
19730
19744
19746
19759
19772
19774
19786
19805
19826
19833
19848
19850
19867
19870
19874
19878
19894
19932
19934
19936
19983
19987
19996
20000
20008
20018
20023
20037
20060
20069
20074
20075
20078
20084
20089
20093
20104
20112
20129
20153
20156
20160
20188
20202
20206
20239
20243
20260
20261
20261
20262
20265
20271
20277
20277
20299
20353
20367
20376
20390
20404
20413
20425
20430
20431
20448
20456
20463
20464
20492
20503
20522
20529
20535
20548
20549
20558
20564
20576
20579
20581
20582
20598
20612
20655
20655
20659
20661
20664
20668
20671
20700
20703
20714
20766
20774
20774
20785
20789
20791
20833
20843
20843
20851
20851
20863
20901
20902
20910
20920
20928
20932
20961
21006
21024
21036
21059
21068
21074
21103
21105
21122
21122
21135
21160
21171
21180
21190
21194
21212
21235
21239
21248
21275
21276
21292
21313
21327
21352
21361
21371
21378
21394
21400
21404
21412
21416
21426
21431
21432
21442
21462
21474
21476
21480
21485
21491
21491
21505
21513
21519
21541
21551
21558
21569
21571
21574
21577
21578
21579
21583
21599
21614
21628
21656
21663
21664
21672
21675
21676
21695
21698
21710
21716
21718
21745
21747
21752
21753
21772
21783
21803
21815
21819
21819
21825
21843
21854
21867
21880
21880
21901
21909
21914
21914
21939
21980
21993
21996
22027
22039
22045
22047
22053
22058
22063
22064
22065
22071
22083
22087
22101
22111
22111
22115
22115
22137
22162
22181
22205
22213
22223
22246
22270
22270
22271
22289
22290
22290
22311
22331
22354
22361
22362
22366
22380
22399
22415
22435
22453
22501
22518
22532
22536
22536
22537
22541
22542
22549
22553
22569
22572
22577
22585
22585
22592
22601
22603
22607
22608
22633
22647
22668
22672
22674
22675
22677
22680
22687
22707
22716
22721
22725
22732
22753
22754
22755
22772
22796
22812
22824
22831
22847
22875
22883
22887
22889
22909
22917
22958
22963
22968
22974
23008
23014
23022
23033
23044
23053
23106
23108
23119
23123
23150
23156
23157
23158
23174
23181
23184
23197
23203
23212
23222
23222
23223
23228
23232
23255
23264
23269
23278
23289
23298
23306
23313
23315
23327
23330
23362
23367
23376
23382
23389
23416
23440
23454
23469
23486
23493
23518
23538
23540
23547
23557
23557
23562
23570
23586
23596
23603
23604
23608
23610
23613
23629
23632
23639
23641
23643
23646
23660
23668
23670
23682
23684
23692
23694
23704
23721
23730
23741
23766
23776
23785
23786
23790
23790
23798
23805
23807
23829
23843
23858
23865
23867
23867
23891
23901
23908
23926
23937
23965
24006
24018
24019
24043
24062
24070
24083
24086
24086
24087
24114
24121
24123
24128
24133
24141
24147
24172
24175
24178
24181
24182
24186
24204
24214
24217
24254
24267
24284
24293
24293
24313
24340
24350
24357
24371
24379
24408
24408
24410
24428
24436
24438
24439
24439
24442
24469
24477
24479
24491
24519
24525
24527
24529
24531
24555
24561
24576
24579
24579
24611
24613
24638
24640
24642
24642
24645
24658
24660
24670
24674
24694
24706
24739
24767
24795
24801
24811
24820
24844
24850
24855
24858
24868
24893
24895
24905
24915
24949
24957
24962
24967
24968
24969
24971
24990
25020
25029
25034
25034
25040
25044
25056
25057
25057
25090
25098
25108
25118
25127
25154
25155
25173
25185
25194
25196
25216
25228
25248
25250
25250
25256
25257
25290
25305
25314
25315
25322
25341
25345
25350
25353
25360
25366
25383
25394
25396
25404
25412
25416
25436
25445
25453
25458
25462
25477
25481
25481
25484
25493
25527
25535
25562
25568
25575
25598
25627
25635
25668
25672
25673
25674
25681
25709
25720
25724
25726
25729
25745
25745
25757
25757
25759
25760
25797
25800
25802
25802
25808
25810
25822
25824
25857
25857
25885
25891
25895
25907
25912
25937
25975
25977
25979
26024
26034
26040
26043
26054
26062
26076
26081
26084
26085
26094
26099
26104
26114
26134
26144
26146
26148
26162
26176
26178
26222
26249
26258
26264
26268
26274
26275
26280
26290
26300
26302
26304
26312
26313
26319
26324
26336
26344
26350
26356
26366
26392
26396
26400
26408
26415
26418
26423
26442
26453
26496
26501
26512
26513
26522
26539
26550
26556
26558
26559
26569
26614
26623
26638
26650
26651
26662
26679
26681
26697
26701
26704
26712
26721
26747
26757
26764
26787
26796
26798
26804
26806
26806
26807
26812
26812
26818
26845
26845
26846
26852
26856
26867
26903
26907
26924
26939
26948
26950
26951
26953
26959
26963
26980
26981
26998
26998
27017
27047
27063
27072
27077
27082
27091
27110
27112
27122
27128
27140
27140
27155
27161
27166
27197
27198
27214
27214
27216
27230
27237
27250
27253
27278
27288
27321
27329
27335
27363
27369
27373
27384
27386
27394
27399
27402
27404
27411
27412
27414
27418
27419
27423
27424
27430
27455
27457
27461
27466
27467
27486
27497
27506
27512
27539
27542
27548
27559
27561
27564
27567
27584
27597
27599
27636
27670
27674
27692
27696
27709
27716
27720
27724
27780
27793
27801
27812
27824
27825
27833
27837
27849
27851
27860
27874
27903
27912
27925
27953
27959
27974
27987
28025
28034
28035
28049
28053
28078
28079
28081
28109
28118
28126
28131
28136
28140
28157
28162
28172
28174
28177
28178
28179
28179
28179
28185
28199
28219
28220
28225
28230
28244
28250
28261
28262
28274
28325
28328
28343
28384
28390
28428
28435
28439
28441
28464
28469
28490
28491
28504
28505
28510
28514
28523
28526
28536
28538
28553
28559
28577
28581
28584
28584
28598
28617
28628
28630
28631
28657
28659
28669
28673
28679
28688
28689
28690
28693
28712
28720
28756
28756
28760
28760
28762
28763
28787
28788
28800
28816
28819
28835
28865
28867
28870
28876
28877
28882
28913
28925
28933
28933
28970
28971
28975
28978
29024
29040
29044
29069
29089
29102
29102
29113
29119
29126
29134
29135
29151
29164
29165
29165
29169
29182
29184
29189
29191
29192
29210
29210
29213
29225
29236
29254
29265
29278
29288
29288
29291
29294
29303
29303
29308
29323
29333
29337
29343
29369
29372
29381
29382
29396
29400
29405
29432
29433
29444
29446
29446
29452
29456
29459
29460
29465
29470
29490
29492
29494
29504
29508
29510
29531
29535
29541
29552
29564
29565
29572
29580
29585
29595
29601
29603
29622
29628
29631
29632
29634
29639
29640
29660
29662
29663
29674
29695
29711
29728
29733
29791
29794
29797
29823
29827
29838
29839
29847
29874
29897
29898
29910
29916
29924
29925
29931
29933
29976
29988
30001
30002
30015
30016
30024
30032
30047
30051
30065
30084
30085
30090
30101
30106
30124
30129
30156
30158
30165
30178
30196
30204
30210
30222
30227
30231
30234
30241
30252
30255
30260
30266
30301
30309
30316
30330
30345
30346
30359
30359
30393
30401
30403
30408
30411
30413
30414
30419
30419
30425
30428
30437
30444
30453
30455
30473
30501
30513
30518
30530
30531
30569
30571
30586
30593
30606
30639
30641
30649
30652
30674
30705
30742
30766
30775
30779
30781
30781
30788
30795
30807
30809
30809
30818
30820
30852
30852
30858
30865
30868
30878
30882
30887
30891
30892
30894
30898
30900
30912
30918
30922
30941
30951
30953
30964
30971
31004
31007
31013
31023
31023
31025
31041
31056
31062
31065
31069
31071
31077
31092
31100
31109
31113
31113
31117
31123
31126
31130
31133
31144
31149
31151
31159
31166
31169
31171
31174
31189
31202
31223
31247
31254
31255
31268
31270
31301
31308
31313
31313
31315
31349
31373
31375
31411
31426
31426
31432
31434
31444
31453
31459
31501
31505
31509
31524
31526
31528
31529
31532
31533
31548
31554
31573
31579
31593
31594
31594
31598
31599
31608
31617
31622
31629
31630
31632
31636
31652
31652
31658
31662
31670
31712
31715
31717
31720
31727
31745
31746
31747
31747
31747
31752
31757
31762
31764
31770
31780
31782
31785
31785
31793
31807
31813
31814
31832
31842
31865
31889
31903
31905
31909
31921
31944
31946
31954
31955
31962
31967
31980
31983
31985
31994
31997
32034
32037
32043
32052
32062
32081
32097
32102
32110
32132
32164
32178
32194
32201
32227
32232
32235
32236
32255
32263
32268
32271
32281
32282
32296
32301
32307
32310
32312
32314
32321
32336
32350
32351
32362
32368
32369
32385
32390
32406
32406
32417
32417
32419
32437
32442
32447
32452
32457
32465
32491
32500
32506
32508
32511
32513
32518
32518
32528
32540
32541
32547
32547
32556
32578
32589
32593
32595
32612
32632
32632
32641
32648
32657
32662
32674
32685
32690
32712
32714
32732
32744
32754
32756
32758
32760
32768
32781
32788
32793
32804
32823
32825
32832
32833
32839
32842
32848
32863
32864
32864
32878
32890
32893
32908
32909
32919
32921
32926
32927
32941
33000
33006
33009
33018
33037
33050
33071
33101
33107
33109
33120
33121
33141
33142
33171
33179
33206
33207
33215
33218
33230
33230
33231
33234
33234
33246
33250
33250
33258
33262
33265
33266
33274
33283
33294
33312
33329
33350
33353
33378
33390
33395
33409
33413
33415
33422
33440
33449
33451
33463
33472
33476
33485
33489
33499
33505
33509
33538
33568
33600
33623
33626
33644
33649
33664
33675
33682
33726
33738
33756
33763
33771
33778
33789
33820
33826
33864
33865
33870
33875
33880
33880
33892
33901
33919
33936
33937
33942
33944
33950
33958
33984
33986
34012
34037
34043
34059
34063
34075
34075
34100
34117
34120
34137
34139
34139
34151
34164
34166
34180
34201
34202
34269
34272
34295
34301
34301
34333
34340
34349
34375
34386
34387
34388
34389
34394
34396
34408
34415
34426
34452
34453
34461
34463
34464
34469
34480
34480
34512
34519
34519
34522
34530
34546
34551
34563
34579
34598
34634
34635
34637
34637
34675
34676
34676
34693
34696
34725
34729
34733
34774
34783
34786
34795
34807
34815
34823
34830
34846
34865
34877
34894
34899
34905
34927
34934
34934
34947
34949
34953
34969
34983
34996
35004
35019
35023
35031
35044
35063
35074
35075
35095
35105
35164
35164
35164
35189
35195
35197
35206
35211
35212
35222
35229
35242
35242
35252
35263
35267
35269
35276
35287
35288
35298
35301
35308
35321
35342
35346
35347
35356
35360
35372
35376
35393
35403
35406
35419
35428
35430
35431
35436
35442
35456
35463
35466
35475
35485
35485
35489
35501
35541
35546
35550
35551
35570
35574
35583
35587
35589
35606
35621
35623
35624
35635
35636
35637
35640
35647
35650
35651
35656
35658
35658
35661
35669
35671
35673
35685
35691
35694
35700
35703
35705
35711
35714
35719
35732
35737
35739
35775
35779
35786
35819
35821
35829
35836
35840
35872
35875
35887
35904
35905
35912
35916
35917
35918
35920
35921
35934
35934
35939
35939
35955
35969
35978
35979
35988
35988
35995
36002
36023
36023
36039
36042
36042
36068
36071
36080
36097
36107
36112
36124
36131
36138
36147
36148
36151
36152
36158
36158
36163
36167
36175
36200
36216
36240
36245
36247
36249
36253
36261
36262
36273
36287
36301
36314
36333
36360
36362
36372
36372
36374
36392
36393
36418
36425
36431
36457
36459
36476
36484
36486
36492
36492
36499
36508
36512
36546
36549
36553
36571
36576
36584
36589
36600
36605
36614
36628
36646
36664
36667
36675
36697
36718
36721
36726
36739
36751
36771
36773
36792
36843
36850
36852
36863
36865
36877
36915
36942
36958
36967
36968
36969
36978
36990
37011
37027
37029
37037
37041
37051
37065
37071
37074
37081
37091
37119
37122
37128
37148
37148
37170
37176
37177
37180
37181
37181
37183
37214
37240
37253
37259
37259
37267
37274
37297
37311
37318
37327
37328
37334
37351
37372
37376
37404
37412
37442
37460
37466
37467
37468
37481
37481
37482
37485
37496
37505
37518
37543
37550
37554
37555
37563
37582
37583
37594
37602
37631
37636
37641
37654
37660
37692
37715
37719
37722
37723
37730
37744
37749
37771
37773
37779
37781
37784
37810
37811
37828
37832
37832
37837
37838
37845
37845
37848
37849
37874
37887
37900
37915
37920
37929
37959
37960
37978
37984
37988
37990
37999
38018
38066
38076
38087
38099
38099
38114
38153
38154
38155
38162
38192
38209
38213
38219
38247
38249
38286
38287
38290
38331
38336
38353
38383
38388
38388
38391
38393
38396
38398
38421
38443
38449
38455
38471
38481
38486
38488
38493
38500
38505
38520
38524
38531
38542
38550
38552
38583
38596
38604
38609
38609
38612
38612
38615
38626
38635
38662
38665
38666
38672
38673
38700
38714
38754
38757
38758
38771
38792
38794
38794
38828
38842
38845
38870
38873
38875
38875
38889
38895
38899
38906
38907
38915
38916
38933
38950
38981
38988
39007
39028
39050
39059
39060
39077
39107
39125
39134
39148
39152
39168
39172
39182
39184
39206
39216
39231
39232
39243
39248
39255
39257
39257
39266
39269
39273
39296
39298
39305
39306
39311
39311
39312
39316
39331
39331
39352
39353
39384
39399
39400
39412
39422
39433
39436
39450
39451
39451
39454
39468
39469
39473
39473
39479
39501
39512
39513
39524
39529
39553
39554
39558
39560
39563
39591
39620
39641
39654
39689
39698
39723
39755
39766
39771
39775
39777
39797
39804
39833
39833
39837
39844
39845
39855
39862
39876
39889
39893
39903
39912
39914
39919
39925
39938
39948
39948
39951
39961
39980
39988
40034
40044
40049
40050
40053
40066
40075
40087
40089
40098
40126
40129
40129
40135
40155
40157
40162
40170
40170
40187
40190
40190
40190
40196
40197
40199
40202
40236
40254
40254
40265
40274
40306
40313
40337
40341
40361
40368
40371
40374
40376
40402
40415
40420
40422
40438
40448
40448
40463
40468
40508
40510
40519
40525
40530
40532
40536
40537
40543
40548
40548
40549
40563
40564
40569
40580
40586
40604
40618
40645
40652
40666
40674
40680
40682
40695
40696
40699
40717
40730
40739
40754
40782
40783
40818
40843
40843
40853
40860
40865
40868
40877
40881
40883
40892
40901
40911
40915
40945
40949
40949
40951
40953
40958
40976
41011
41012
41019
41027
41051
41056
41059
41071
41081
41097
41098
41104
41121
41154
41155
41186
41192
41196
41204
41216
41218
41222
41224
41226
41231
41269
41276
41277
41287
41302
41305
41327
41327
41359
41371
41377
41394
41397
41398
41401
41406
41407
41420
41427
41433
41452
41453
41474
41480
41484
41484
41500
41503
41513
41521
41522
41533
41535
41545
41546
41558
41562
41565
41586
41597
41623
41631
41633
41635
41637
41655
41657
41665
41674
41679
41680
41698
41705
41711
41712
41719
41761
41762
41767
41776
41796
41799
41800
41801
41818
41836
41842
41852
41878
41924
41960
41964
41966
41968
41970
41974
41974
41980
41982
41990
41990
42005
42008
42018
42025
42055
42066
42073
42087
42090
42093
42116
42118
42136
42149
42162
42163
42184
42198
42206
42207
42222
42230
42237
42251
42251
42266
42279
42284
42289
42312
42319
42321
42333
42349
42367
42375
42420
42425
42425
42427
42434
42441
42459
42472
42473
42486
42489
42490
42493
42493
42511
42524
42534
42534
42536
42551
42573
42574
42580
42604
42612
42620
42628
42628
42634
42634
42635
42636
42642
42651
42657
42680
42683
42693
42745
42745
42782
42813
42826
42830
42844
42850
42858
42858
42883
42888
42914
42930
42933
42959
42960
42962
42970
42973
42986
42988
42991
43006
43011
43035
43053
43058
43061
43068
43082
43084
43085
43092
43092
43103
43105
43122
43122
43135
43137
43146
43148
43169
43175
43182
43186
43212
43216
43219
43233
43235
43260
43276
43281
43306
43317
43318
43335
43377
43381
43401
43442
43458
43462
43467
43482
43490
43497
43503
43509
43516
43517
43534
43559
43562
43582
43590
43591
43591
43593
43594
43637
43641
43673
43677
43681
43709
43727
43777
43789
43791
43794
43801
43830
43853
43855
43869
43878
43882
43907
43914
43922
43931
43970
44001
44006
44009
44018
44047
44057
44063
44064
44070
44098
44101
44111
44128
44129
44132
44136
44146
44150
44153
44179
44182
44182
44189
44204
44206
44212
44214
44216
44219
44225
44227
44227
44233
44255
44258
44261
44265
44279
44279
44286
44302
44302
44322
44331
44349
44364
44371
44379
44387
44387
44390
44423
44428
44452
44468
44484
44492
44497
44497
44503
44511
44523
44534
44555
44556
44561
44567
44578
44580
44581
44583
44588
44593
44596
44599
44606
44625
44641
44650
44652
44659
44662
44663
44663
44684
44704
44706
44707
44732
44747
44749
44756
44758
44777
44784
44805
44830
44848
44884
44910
44916
44917
44932
44942
44959
44967
44968
44971
44980
44986
44987
44997
44997
45032
45038
45043
45047
45048
45051
45055
45067
45068
45069
45093
45102
45103
45109
45113
45148
45152
45155
45162
45166
45171
45193
45204
45206
45208
45217
45228
45233
45238
45239
45241
45260
45269
45270
45272
45283
45291
45295
45307
45318
45330
45336
45348
45359
45398
45413
45418
45427
45437
45454
45458
45491
45505
45517
45519
45525
45531
45533
45535
45537
45539
45546
45561
45588
45592
45596
45598
45623
45632
45642
45654
45678
45696
45697
45704
45705
45721
45734
45737
45754
45765
45782
45788
45788
45800
45824
45836
45841
45845
45852
45854
45857
45876
45886
45887
45896
45898
45907
45908
45916
45921
45931
45932
45937
45946
45953
45963
46005
46008
46029
46031
46037
46041
46061
46073
46079
46080
46110
46110
46141
46169
46174
46177
46178
46179
46185
46187
46195
46204
46211
46226
46237
46254
46294
46295
46302
46331
46348
46355
46356
46362
46366
46366
46367
46372
46382
46404
46404
46427
46428
46435
46437
46445
46457
46479
46495
46512
46513
46517
46518
46521
46522
46572
46574
46574
46575
46607
46608
46610
46617
46618
46654
46677
46677
46686
46687
46699
46730
46735
46738
46747
46754
46784
46787
46792
46813
46821
46822
46885
46899
46905
46911
46917
46923
46934
46948
46949
46953
46967
46968
46970
46980
46982
46983
47024
47025
47037
47039
47054
47061
47070
47086
47086
47092
47096
47108
47125
47125
47141
47145
47150
47150
47169
47179
47192
47195
47210
47214
47216
47242
47247
47249
47254
47265
47280
47281
47287
47305
47309
47311
47328
47350
47355
47363
47365
47386
47390
47395
47395
47411
47425
47426
47430
47433
47435
47445
47449
47467
47472
47475
47501
47505
47509
47512
47520
47534
47538
47547
47555
47559
47560
47561
47567
47577
47585
47594
47609
47615
47619
47647
47662
47678
47688
47689
47697
47699
47706
47710
47715
47721
47721
47723
47724
47730
47739
47758
47772
47776
47792
47799
47801
47806
47810
47851
47854
47854
47854
47859
47863
47866
47895
47911
47915
47919
47938
47964
47967
47969
47972
47981
47993
47997
48032
48043
48045
48051
48051
48077
48103
48111
48117
48124
48131
48139
48151
48152
48169
48172
48199
48211
48229
48248
48252
48256
48276
48278
48279
48290
48299
48299
48299
48307
48311
48313
48324
48331
48344
48352
48354
48362
48365
48375
48404
48420
48437
48445
48452
48459
48459
48465
48486
48492
48523
48554
48558
48558
48598
48603
48608
48611
48624
48626
48634
48636
48639
48645
48651
48668
48680
48682
48686
48707
48715
48719
48725
48730
48761
48762
48778
48788
48812
48841
48870
48870
48873
48882
48892
48894
48905
48921
48942
48944
48945
48967
48974
48997
49016
49025
49033
49044
49044
49051
49058
49080
49099
49099
49105
49117
49154
49170
49172
49173
49185
49187
49210
49212
49212
49219
49219
49227
49256
49265
49279
49282
49300
49303
49324
49330
49343
49351
49351
49371
49376
49389
49390
49402
49424
49437
49438
49444
49448
49449
49450
49455
49455
49455
49480
49484
49505
49506
49524
49544
49559
49566
49577
49585
49587
49588
49606
49610
49624
49639
49651
49662
49669
49670
49672
49674
49684
49686
49705
49716
49716
49737
49737
49738
49745
49746
49751
49775
49793
49802
49810
49819
49847
49867
49871
49890
49897
49904
49910
49914
49929
49954
49955
49968
49987
49996
